0.12,	0.28,	0.28,	0.11,	0.02,	0
0.12,	0.34,	0.13,	0.08,	0.03,	0
0.12,	0.34,	0.32,	0.05,	0.07,	0
0.59,	0.34,	0.23,	0.09,	0.43,	0
0.06,	0.36,	0.18,	0.1,	0.02,	0
0,	0.37,	0.1,	0.08,	0.02,	0
0.18,	0.37,	0.28,	0.09,	0.03,	0
0.47,	0.37,	0.4,	0.27,	0.3,	0
0.12,	0.38,	0.24,	0.12,	0.2,	0
0.06,	0.39,	0.3,	0.5,	0.05,	0
0.18,	0.39,	0.32,	0.07,	0.08,	1
0.29,	0.39,	0.41,	0.03,	0.23,	0
0.06,	0.4,	0.25,	0.22,	0.02,	0
0.06,	0.4,	0.11,	0.19,	0.02,	0
0.06,	0.4,	0.42,	0.26,	0.03,	0
0.18,	0.4,	0.31,	0.52,	0.1,	1
0.18,	0.41,	0.16,	0.1,	0.02,	0
0.06,	0.41,	0.13,	0.14,	0.03,	0
0.06,	0.41,	0.18,	0.09,	0.05,	0
0.12,	0.41,	0.22,	0.69,	0.07,	0
0.12,	0.41,	0.15,	0.2,	0.07,	0
0.06,	0.41,	0.41,	0.43,	0.18,	0
0.41,	0.41,	0.4,	0.08,	0.35,	0
0.12,	0.42,	0.23,	0.18,	0.02,	0
0,	0.42,	0.31,	0.07,	0.03,	0
0.12,	0.42,	0.28,	0.24,	0.05,	0
0.18,	0.42,	0.3,	0.22,	0.07,	0
0.18,	0.42,	0.31,	0.11,	0.07,	0
0.24,	0.42,	0.23,	0.03,	0.07,	0
0.06,	0.42,	0.23,	0.17,	0.12,	0
0.41,	0.42,	0.26,	0.29,	0.25,	0
0.29,	0.43,	0.28,	0.12,	0.05,	0
0.24,	0.43,	0.22,	0.1,	0.12,	0
0.06,	0.43,	0.53,	0.36,	0.13,	0
0.18,	0.44,	0.11,	0.08,	0.02,	0
0.12,	0.44,	0.26,	0.29,	0.02,	0
0.12,	0.44,	0.19,	0.06,	0.02,	0
0.06,	0.44,	0.27,	0.01,	0.02,	0
0.06,	0.44,	0.37,	0.18,	0.02,	0
0.06,	0.44,	0.24,	0.15,	0.03,	0
0.06,	0.44,	0.34,	0.14,	0.05,	0
0.12,	0.44,	0.16,	0.04,	0.07,	0
0.06,	0.44,	0.42,	0.18,	0.08,	1
0.06,	0.44,	0.29,	0.12,	0.13,	0
0.29,	0.44,	0.21,	0.11,	0.15,	0
0.71,	0.44,	0.4,	0.13,	0.45,	0
0.06,	0.45,	0.34,	0.05,	0.03,	0
0.12,	0.45,	0.14,	0.07,	0.05,	0
0.06,	0.45,	0.12,	0.21,	0.05,	0
0.06,	0.45,	0.18,	0.51,	0.07,	0
0.24,	0.45,	0.47,	0.12,	0.13,	0
0.18,	0.45,	0.16,	0.2,	0.28,	0
0.24,	0.46,	0.32,	0.16,	0.02,	0
0.06,	0.46,	0.25,	0.07,	0.03,	0
0.06,	0.46,	0.25,	0.17,	0.07,	0
0,	0.46,	0.32,	0.13,	0.07,	0
0.71,	0.46,	0.07,	0.36,	0.38,	1
0.35,	0.46,	0.32,	0,	0.42,	0
0,	0.47,	0.25,	0.19,	0.02,	0
0.35,	0.47,	0.3,	0.12,	0.03,	0
0.12,	0.47,	0.18,	0.24,	0.03,	0
0.12,	0.47,	0.32,	0.25,	0.03,	1
0,	0.47,	0.39,	0.4,	0.23,	0
0.41,	0.47,	0.25,	0.28,	0.33,	0
0.06,	0.48,	0.18,	0.08,	0.02,	0
0.12,	0.48,	0.14,	0.29,	0.02,	0
0,	0.48,	0.39,	0.12,	0.02,	0
0,	0.48,	0.25,	0.07,	0.05,	1
0.06,	0.48,	0.13,	0.11,	0.07,	0
0.12,	0.48,	0.13,	0.24,	0.08,	0
0.24,	0.48,	0.17,	0.11,	0.08,	0
0,	0.48,	0.45,	0.11,	0.08,	0
0.06,	0.48,	0.21,	0.25,	0.25,	0
0.18,	0.48,	0.34,	0.37,	0.3,	0
0.29,	0.48,	0.18,	0.39,	0.37,	0
0.06,	0.48,	0.25,	0.07,	0.37,	1
0.06,	0.49,	0.15,	0.17,	0.02,	0
0,	0.49,	0.15,	0.09,	0.02,	0
0.12,	0.49,	0.17,	0.05,	0.02,	0
0,	0.49,	0.36,	0.22,	0.07,	0
0.41,	0.49,	0.32,	0.34,	0.18,	1
0.35,	0.49,	0.33,	0.15,	0.37,	0
0.18,	0.5,	0.19,	0.03,	0.05,	0
0.12,	0.5,	0.28,	0.18,	0.05,	0
0.12,	0.5,	0.53,	0.26,	0.07,	0
0.18,	0.5,	0.19,	0.09,	0.08,	0
0.06,	0.5,	0.15,	0.25,	0.08,	0
0.12,	0.5,	0.25,	0.11,	0.08,	0
0.12,	0.5,	0.16,	0.07,	0.1,	0
0.06,	0.5,	0.12,	0.03,	0.12,	0
0.06,	0.5,	0.12,	0.25,	0.12,	0
0.18,	0.5,	0.23,	0.37,	0.12,	0
0.12,	0.5,	0.2,	0.34,	0.12,	1
0.18,	0.5,	0.11,	0.09,	0.15,	0
0.29,	0.5,	0.28,	0.18,	0.15,	0
0,	0.5,	0.61,	0.38,	0.17,	0
0.35,	0.5,	0.19,	0.18,	0.18,	0
0.06,	0.5,	0.29,	0.16,	0.35,	0
0.47,	0.5,	0.4,	0.25,	0.37,	1
0.71,	0.5,	0.33,	0.18,	0.42,	0
0.82,	0.5,	0.25,	0.14,	0.42,	1
0.12,	0.51,	0.35,	0.03,	0.02,	0
0.12,	0.51,	0.17,	0.23,	0.03,	0
0.12,	0.51,	0.36,	0.02,	0.03,	1
0,	0.51,	0.4,	0.07,	0.05,	0
0.06,	0.51,	0.15,	0.19,	0.08,	0
0.18,	0.51,	0.2,	0.14,	0.08,	0
0,	0.51,	0.17,	0.26,	0.1,	0
0.41,	0.51,	0.4,	0.05,	0.4,	0
0.59,	0.51,	0.48,	0.04,	0.7,	0
0.06,	0.52,	0.11,	0.18,	0.02,	0
0,	0.52,	0.37,	0.18,	0.02,	1
0,	0.52,	0.23,	0.16,	0.03,	0
0.18,	0.52,	0.3,	0.28,	0.1,	0
0.24,	0.52,	0.33,	0.38,	0.2,	0
0.06,	0.52,	0.38,	0.04,	0.2,	0
0.35,	0.52,	0.18,	0.27,	0.33,	1
0.35,	0.52,	0.32,	0.11,	0.57,	0
0.12,	0.53,	0.27,	0.15,	0.02,	0
0.06,	0.53,	0.28,	0.03,	0.02,	0
0,	0.53,	0.37,	0.23,	0.02,	0
0,	0.53,	0.41,	0.04,	0.02,	0
0.18,	0.53,	0.21,	0.09,	0.05,	0
0.12,	0.53,	0.4,	0.06,	0.07,	0
0.29,	0.53,	0.29,	0.03,	0.12,	0
0.12,	0.53,	0.45,	0.27,	0.13,	1
0.12,	0.53,	0.35,	0.56,	0.22,	0
0.35,	0.53,	0.32,	0.02,	0.27,	0
0.12,	0.54,	0.1,	0.34,	0.02,	0
0.12,	0.54,	0.26,	0.1,	0.02,	0
0.18,	0.54,	0.13,	0.26,	0.03,	1
0.12,	0.54,	0.3,	0.14,	0.03,	0
0.06,	0.54,	0.3,	0.32,	0.05,	0
0.06,	0.54,	0.46,	0.14,	0.05,	0
0,	0.54,	0.3,	0.29,	0.07,	1
0.29,	0.54,	0.43,	0.08,	0.2,	0
0.35,	0.54,	0.2,	0.31,	0.23,	0
0.06,	0.55,	0.18,	0.06,	0.02,	0
0.06,	0.55,	0.21,	0.32,	0.03,	0
0.29,	0.55,	0.41,	0.19,	0.07,	1
0.06,	0.55,	0.18,	0.14,	0.08,	0
0.24,	0.55,	0.44,	0.35,	0.08,	1
0.24,	0.55,	0.2,	0.02,	0.1,	0
0.12,	0.55,	0.29,	0.26,	0.1,	0
0.47,	0.55,	0.39,	0.24,	0.17,	1
0.18,	0.56,	0.31,	0.15,	0.02,	0
0.06,	0.56,	0.13,	0.03,	0.03,	0
0.06,	0.56,	0.45,	0.06,	0.05,	0
0.12,	0.56,	0.51,	0.04,	0.05,	0
0.06,	0.56,	0.3,	0.19,	0.07,	0
0.12,	0.56,	0.22,	0.1,	0.08,	0
0.12,	0.56,	0.42,	0.07,	0.12,	0
0.18,	0.56,	0.12,	0.18,	0.13,	0
0.53,	0.56,	0.32,	0.08,	0.25,	1
0.24,	0.56,	0.47,	0.56,	0.58,	1
0.18,	0.57,	0.1,	0.23,	0.07,	0
0,	0.57,	0.34,	0.04,	0.1,	0
0.41,	0.57,	0.17,	0.17,	0.17,	0
0.18,	0.58,	0.15,	0.01,	0.05,	0
0.06,	0.58,	0.29,	0.18,	0.07,	0
0.18,	0.58,	0.39,	0.03,	0.12,	0
0.06,	0.58,	0.3,	0.19,	0.18,	1
0.24,	0.58,	0.12,	0.16,	0.27,	0
0,	0.59,	0.31,	0.18,	0.02,	0
0.06,	0.59,	0.36,	0.08,	0.03,	0
0.24,	0.59,	0.27,	0.06,	0.05,	0
0,	0.59,	0.31,	0,	0.05,	0
0.06,	0.59,	0.23,	0.17,	0.1,	0
0,	0.59,	0.47,	0.2,	0.17,	1
0.06,	0.59,	0.24,	0.14,	0.32,	1
0.29,	0.59,	0.3,	0.07,	0.35,	0
0,	0.6,	0.18,	0.28,	0.03,	0
0.06,	0.6,	0.13,	0.05,	0.05,	0
0.06,	0.6,	0.47,	0.09,	0.07,	0
0,	0.6,	0.18,	0.09,	0.08,	0
0.06,	0.6,	0.41,	0.18,	0.08,	0
0.12,	0.6,	0.37,	0.06,	0.13,	0
0.06,	0.6,	0.39,	0.31,	0.13,	1
0.18,	0.6,	0.3,	0.16,	0.15,	0
0.35,	0.6,	0.22,	0.53,	0.2,	1
0.06,	0.6,	0.48,	0.46,	0.33,	0
0.53,	0.6,	0.22,	0.28,	0.45,	0
0.65,	0.6,	0.37,	0.3,	0.45,	1
0.12,	0.61,	0.18,	0.27,	0.02,	0
0.12,	0.61,	0.32,	0.35,	0.03,	0
0.12,	0.61,	0.27,	0.17,	0.08,	0
0.12,	0.61,	0.43,	0.32,	0.12,	0
0.06,	0.61,	0.39,	0.08,	0.12,	0
0.29,	0.61,	0.23,	0.07,	0.15,	0
0.06,	0.61,	0.32,	0.26,	0.15,	1
0.06,	0.61,	0.52,	0.11,	0.17,	1
0,	0.61,	0.3,	0.05,	0.2,	1
0.18,	0.62,	0.35,	0.34,	0.02,	0
0.18,	0.62,	0.33,	0.1,	0.08,	0
0.12,	0.62,	0.32,	0.19,	0.08,	0
0.29,	0.62,	0.4,	0.08,	0.12,	0
0.12,	0.62,	0.28,	0.34,	0.15,	1
0.24,	0.62,	0.15,	0.16,	0.22,	0
0.35,	0.62,	0.45,	0.28,	0.22,	0
0.53,	0.62,	0.33,	0.09,	0.22,	0
0.41,	0.62,	0.33,	0.04,	0.27,	0
0.53,	0.62,	0.44,	0.13,	0.32,	0
0.47,	0.62,	0.24,	0.26,	0.52,	1
0,	0.63,	0.29,	0.19,	0.05,	0
0.06,	0.63,	0.24,	0.06,	0.07,	0
0.18,	0.63,	0.41,	0.27,	0.1,	0
0.06,	0.63,	0.4,	0.38,	0.12,	1
0.12,	0.63,	0.2,	0,	0.17,	0
0.35,	0.63,	0.3,	0.16,	0.18,	0
0.47,	0.63,	0.38,	0.04,	0.3,	0
0.29,	0.63,	0.27,	0.15,	0.32,	0
0.59,	0.63,	0.26,	0.05,	0.33,	1
0.24,	0.63,	0.18,	0.46,	0.4,	1
0.47,	0.63,	0.36,	0.12,	0.47,	0
0.06,	0.64,	0.17,	0.02,	0.02,	0
0.12,	0.64,	0.21,	0.04,	0.02,	0
0,	0.64,	0.37,	0.31,	0.03,	0
0.06,	0.64,	0.45,	0.23,	0.05,	1
0.12,	0.64,	0.24,	0.65,	0.07,	0
0,	0.64,	0.19,	0.56,	0.07,	1
0.18,	0.64,	0.25,	0.2,	0.1,	1
0.24,	0.64,	0.11,	0.22,	0.12,	0
0.12,	0.64,	0.37,	0.49,	0.17,	1
0.06,	0.64,	0.41,	0.53,	0.2,	1
0.06,	0.64,	0.39,	0.42,	0.27,	1
0.06,	0.65,	0.13,	0.17,	0.02,	0
0.24,	0.65,	0.2,	0.07,	0.03,	0
0.12,	0.65,	0.26,	0.22,	0.07,	0
0,	0.65,	0.46,	0.1,	0.08,	1
0.18,	0.65,	0.29,	0.06,	0.12,	1
0.24,	0.65,	0.12,	0.19,	0.17,	0
0.18,	0.65,	0.49,	0.38,	0.18,	1
0.18,	0.65,	0.23,	0.1,	0.22,	1
0.59,	0.65,	0.28,	0.09,	0.3,	0
0.41,	0.65,	0.49,	0.15,	0.37,	1
0.35,	0.65,	0.07,	0.22,	0.65,	0
0.24,	0.66,	0.21,	0.04,	0.12,	0
0.35,	0.67,	0.23,	0.2,	0.13,	1
0.41,	0.67,	0.15,	0.08,	0.27,	0
0.06,	0.67,	0.28,	0.07,	0.4,	1
0.35,	0.67,	0.37,	0.07,	0.42,	1
0.53,	0.67,	0.33,	0.16,	1,	0
0.06,	0.68,	0.51,	0.14,	0.05,	0
0,	0.68,	0.42,	0.12,	0.05,	1
0,	0.68,	0.46,	0.09,	0.08,	0
0.29,	0.68,	0.41,	0.09,	0.23,	1
0.65,	0.68,	0.35,	0.08,	0.35,	1
0.88,	0.68,	0.32,	0.03,	0.37,	1
0.41,	0.68,	0.26,	0.24,	0.5,	0
0,	0.69,	0.35,	0.94,	0.2,	1
0.65,	0.69,	0.26,	0.2,	0.48,	1
0.06,	0.7,	0.19,	0.25,	0.02,	0
0.06,	0.7,	0.26,	0.32,	0.03,	0
0,	0.7,	0.26,	0.15,	0.05,	1
0.29,	0.7,	0.35,	0.12,	0.07,	1
0.29,	0.7,	0.35,	0.14,	0.08,	0
0.71,	0.7,	0.43,	0.19,	0.62,	1
0.12,	0.71,	0.34,	0.27,	0.05,	0
0.41,	0.71,	0.24,	0.02,	0.37,	1
0.41,	0.71,	0.33,	0.26,	0.67,	0
0.06,	0.72,	0.23,	0.43,	0.02,	0
0.06,	0.72,	0.3,	0.35,	0.03,	0
0.12,	0.72,	0.33,	0.15,	0.07,	1
0.24,	0.72,	0.28,	0.09,	0.27,	0
0.35,	0.72,	0.27,	0.08,	0.32,	0
0.06,	0.72,	0.46,	0.11,	0.42,	1
0.65,	0.72,	0.33,	0.08,	0.5,	1
0.29,	0.72,	0.26,	0.16,	0.62,	1
0.24,	0.73,	0.27,	0.05,	0.1,	0
0.12,	0.73,	0.38,	0.11,	0.13,	1
0.12,	0.73,	0.35,	0.11,	0.13,	0
0.53,	0.73,	0.46,	0.24,	0.32,	1
0.53,	0.73,	0.34,	0.3,	0.53,	1
0.76,	0.73,	0.19,	0.07,	0.6,	0
0.24,	0.74,	0.27,	0.03,	0.13,	1
0.24,	0.74,	0.25,	0.13,	0.15,	0
0.59,	0.74,	0.48,	0.39,	0.5,	1
0.06,	0.75,	0.29,	0.12,	0.35,	1
0.41,	0.75,	0.42,	0.27,	0.35,	0
0.41,	0.75,	0.29,	0.26,	0.55,	1
0,	0.76,	0.39,	0.08,	0.1,	0
0.35,	0.76,	0.31,	0.26,	0.12,	0
0.53,	0.76,	0.34,	0.35,	0.2,	1
0.47,	0.76,	0.32,	0.19,	0.25,	1
0.71,	0.76,	0.4,	0.28,	0.28,	1
0.76,	0.76,	0.33,	0.28,	0.37,	1
0.24,	0.77,	0.31,	0.07,	0.03,	0
0.06,	0.77,	0.42,	0.26,	0.03,	0
0.35,	0.77,	0.41,	0.21,	0.1,	0
0.24,	0.77,	0.29,	0.11,	0.27,	0
0.35,	0.77,	0.32,	0.32,	0.3,	0
0.76,	0.77,	0.37,	0.47,	0.3,	0
0.53,	0.77,	0.3,	0.04,	0.4,	0
0.12,	0.78,	0.27,	0.07,	0.07,	1
0.12,	0.78,	0.17,	0.15,	0.1,	1
0.29,	0.78,	0.44,	0.23,	0.22,	0
0.53,	0.78,	0.28,	0.47,	0.35,	1
0.47,	0.78,	0.26,	0.2,	0.42,	1
0.65,	0.78,	0.28,	0.54,	0.5,	1
0.06,	0.79,	0.21,	0.02,	0.05,	0
0.18,	0.79,	0.13,	0.09,	0.05,	0
0.18,	0.79,	0.36,	0.33,	0.12,	1
0.29,	0.79,	0.41,	0.14,	0.13,	1
0.12,	0.79,	0.35,	0.02,	0.15,	0
0.18,	0.79,	0.3,	0.11,	0.23,	1
0.41,	0.8,	0.32,	0.22,	0.3,	1
0,	0.81,	0.57,	0.29,	0.07,	1
0.59,	0.81,	0.23,	0.11,	0.43,	1
0.18,	0.82,	0.18,	0.08,	0.12,	1
1,	0.82,	0.41,	0.32,	0.43,	1
0.06,	0.82,	0.43,	0.11,	0.48,	0
0,	0.83,	0.33,	0.15,	0.03,	0
0,	0.83,	0.43,	0.08,	0.08,	0
0.35,	0.83,	0.26,	0.24,	0.47,	0
0.29,	0.83,	0.19,	0.22,	0.5,	1
0.06,	0.84,	0.17,	0.16,	0.2,	1
0.41,	0.84,	0.42,	0.3,	0.32,	1
0.47,	0.84,	0.46,	0.04,	0.37,	1
0.18,	0.85,	0.37,	0.12,	0.15,	1
0.18,	0.85,	0.19,	0.08,	0.17,	1
0.18,	0.86,	0.33,	0.05,	0.05,	1
0.06,	0.86,	0.49,	0.27,	0.12,	1
0.53,	0.86,	0.24,	0.27,	0.55,	1
0.18,	0.87,	0.33,	0.08,	0.02,	1
0.12,	0.87,	0.37,	0.24,	0.05,	1
0.18,	0.87,	0.48,	0.88,	0.07,	1
0.18,	0.87,	0.39,	0.38,	0.17,	1
0.24,	0.87,	0.14,	0.12,	0.2,	1
0.18,	0.87,	0.22,	0.22,	0.25,	1
0,	0.87,	0.32,	0.46,	0.62,	0
0.18,	0.88,	0.27,	0.46,	0.52,	1
0.47,	0.88,	0.34,	0.17,	0.62,	1
0,	0.9,	0.36,	0.16,	0.02,	1
0,	0.9,	0.64,	1,	0.07,	1
0.18,	0.9,	0.25,	0.08,	0.08,	0
0,	0.9,	0.26,	0.1,	0.23,	1
0.47,	0.9,	0.42,	0.27,	0.25,	1
0.06,	0.91,	0.42,	0.5,	0.02,	1
0,	0.91,	0.44,	0.06,	0.08,	1
0.06,	0.91,	0.3,	0.11,	0.28,	1
0.41,	0.91,	0.21,	0.22,	0.5,	1
0.47,	0.91,	0.36,	0.23,	0.65,	1
0.24,	0.92,	0.39,	0.08,	0.17,	1
0.47,	0.93,	0.35,	0.15,	0.27,	1
0,	0.94,	0.14,	0.26,	0.02,	1
0.41,	0.94,	0.33,	0.32,	0.22,	1
0.18,	0.94,	0.22,	0.14,	0.25,	1
0.41,	0.94,	0.39,	0.08,	0.33,	1
0.29,	0.94,	0.27,	0.41,	0.53,	1
0.29,	0.95,	0.33,	0.22,	0.13,	1
0.06,	0.95,	0.23,	0.14,	0.63,	1
0.18,	0.96,	0.15,	0.09,	0.22,	0
0.06,	0.97,	0.16,	0.25,	0.05,	0
0.06,	0.98,	0.36,	0.34,	0.13,	1
0.41,	0.98,	0.33,	0.04,	0.57,	1
0.47,	0.98,	0.29,	0.23,	0.6,	1
0,	0.99,	0.32,	0.18,	0.12,	1
0.24,	0.99,	0.39,	0.96,	0.17,	0
0.12,	0.99,	0.45,	0.03,	0.53,	1
